.Random.seed <-
c(403L, 70L, 1091616428L, -868348798L, -179143587L, 2119574359L, 
695410238L, 1925436024L, 1007370587L, 318410937L, -1240448760L, 
-57240650L, -1018670863L, -982718685L, 1489232242L, -2014104636L, 
41238407L, 275121501L, 591231828L, 914243962L, -105591611L, -1119228385L, 
876898726L, -86725840L, -2132874797L, -2112843791L, -723740384L, 
235046846L, -1084241975L, -268580997L, 61414730L, 793131436L, 
-350391121L, -1836085659L, 1178179100L, -192034702L, 331411181L, 
1571468071L, 916451150L, -1598453848L, -1637747797L, 2077290697L, 
-1055754024L, -1373043322L, -1633911711L, -870535693L, 431008866L, 
-1089639724L, -2128938025L, -369307187L, -17717916L, -1461251766L, 
-1343686475L, -21639153L, -1008973546L, 1331246016L, -1398612093L, 
195399073L, 140669328L, 2044369518L, -682042343L, -1737858901L, 
1447126170L, -234408868L, 1145164127L, -938929355L, 971994828L, 
393249826L, 1665209981L, 1653115767L, 306349214L, -315628712L, 
-1371093317L, 1046751321L, 90020840L, 293551638L, 1668120977L, 
998486595L, -961990318L, 1122895332L, -37336025L, -1575020419L, 
-937540236L, -12670630L, 256163749L, -1553719361L, -1319242682L, 
-317771056L, 1307598067L, -128042479L, 1606327360L, 155062302L, 
858722025L, 792013851L, -1057954774L, -1630226612L, -1971450609L, 
1572499525L, -1359816196L, -515229614L, -1962573363L, 1488233351L, 
1029654126L, -775272888L, -1007951797L, -434345559L, -1502165768L, 
-1769443290L, -735641279L, -622428461L, -941136254L, -351703884L, 
548181047L, 2087982893L, 716313668L, -1629529750L, 1288156629L, 
1562006383L, -738407818L, 1418243488L, 1917393507L, -1420326143L, 
-1249074576L, 307371534L, 963147385L, -571915765L, 1350449978L, 
304259644L, 1043423615L, -566514987L, -1875236116L, -256467902L, 
1136751517L, 1694042647L, 2053984126L, 105340216L, 426285595L, 
-184106119L, -2029898296L, 996518390L, -1782637519L, -680010141L, 
-1611701710L, -831377532L, -1359184441L, 807621789L, -419589100L, 
-1799949638L, 361337605L, 1830807775L, -1312648858L, -1509452560L, 
181886995L, 43550129L, -618659744L, 940461566L, -2000889463L, 
1610051259L, 52587146L, -1317595796L, -438553873L, 316337445L, 
399899612L, -1495393870L, -429336403L, -1706588057L, -555556978L, 
-109983640L, -1595616149L, -1246511607L, -101384040L, 1965091782L, 
1703730977L, -2001900621L, -1875262686L, 692032788L, 1330156951L, 
-751866483L, 2051042468L, 193498762L, -1536752395L, 602422095L, 
-1591999402L, 1651459840L, 1724170819L, 1125685729L, -1743143600L, 
-540167250L, -261951143L, 783773547L, -1800216870L, 1617751964L, 
-891333729L, -1804191243L, -1500398452L, -855095966L, -1240426179L, 
1157804471L, 1655436894L, 1851891608L, 282521339L, -1328576871L, 
1339174696L, -82000426L, -704509359L, -1580687101L, -476250990L, 
1579086372L, 590744807L, -1501699779L, 1186862516L, 244206106L, 
1953329509L, 588292095L, -1534839162L, 281759248L, -1827793741L, 
1249849169L, 472957696L, -919234082L, -967589335L, 1628484059L, 
-1001447702L, 516435084L, 400167887L, 1986374533L, -1189820356L, 
-1434121966L, 224124429L, -108432432L, -826776084L, 775016340L, 
1604730578L, -868758944L, 2081119564L, -1340628704L, 687603330L, 
484554216L, -1211829268L, 980769340L, -1159227790L, -1452242064L, 
-2070269660L, -2006900168L, 541276570L, -728035888L, 2115812796L, 
442238100L, -114841470L, -1043505728L, -956653764L, 610668688L, 
-1584075998L, 1126324744L, 1027041548L, 1213618588L, -1155266030L, 
-706642048L, 2096032532L, 1367986472L, -1796958150L, -176972848L, 
-862769556L, -498888140L, 1090487954L, -381915808L, -618264244L, 
1619149792L, 1562079650L, 1072617896L, -1691445620L, 1795591612L, 
-747568526L, -319288336L, -1195216316L, 1169666136L, -822016966L, 
1424094320L, -121064388L, 1910781204L, -1463567678L, 1909987040L, 
536030332L, 1849268944L, 1160104354L, -179872728L, 1597396748L, 
824188348L, -1406994638L, -1440416064L, -1675730892L, -1699692856L, 
-1161828166L, -2110033264L, 1125793516L, -980702636L, 344714898L, 
-1719661280L, -1491827252L, 1796529888L, 1237845186L, -1544831960L, 
1091838892L, -832172356L, 726644722L, 1257900592L, 248185764L, 
1173994936L, -1966137510L, 1460617360L, -1724182660L, -1269304044L, 
-706102974L, 1874056448L, -1213214276L, -1254722224L, -773422814L, 
-1022078392L, 190190604L, -743075236L, 1569478098L, 445050368L, 
-398780076L, 78322920L, 592972026L, 599853776L, -1159733460L, 
1229255924L, 129109394L, -1189969568L, -1102950388L, 1438390496L, 
-931985822L, 2026545320L, -1180602292L, 1416300412L, -1428943566L, 
1120267888L, -1042307260L, -68658216L, 76793722L, -734534608L, 
-942692420L, -1146230188L, 1202038850L, 1818105504L, 1568068284L, 
-954359856L, -1028767390L, 976554728L, 268537036L, -834496004L, 
-1840172558L, -1578694528L, 833977844L, -235238776L, -1627248838L, 
2080919888L, -679808916L, -1231604332L, 898761810L, -740486688L, 
1345765580L, -1684747616L, -2014869118L, 1681411304L, 59282156L, 
1369770300L, -145021838L, 1076874864L, -1172158940L, 1419081784L, 
816997658L, 2059051216L, -1697948356L, -527138924L, 302419842L, 
1346265024L, -492214724L, -957933168L, 1754788898L, 714987784L, 
22361228L, 493445916L, 1327949970L, -1142204032L, -1375011820L, 
989040424L, 1691539002L, -1536450096L, -807120532L, 2103310260L, 
-696578542L, 573240288L, -426625588L, 586880224L, -1484914654L, 
527025960L, 507717132L, -491953348L, -2115308558L, 1616923376L, 
1203915332L, -223164840L, -1674098886L, -663444496L, 1258239676L, 
1140913428L, 105763010L, 1182039136L, 1156675964L, -877910064L, 
1776101666L, 974814888L, -1880749172L, 1242852540L, 1864884018L, 
1200673344L, 1818305716L, 1985172552L, -1410549318L, 2014498320L, 
-352110356L, 1698294100L, 293971730L, -1722038880L, 1286253260L, 
-1440962976L, -221294654L, -1192279256L, -517702228L, 1447645500L, 
-1144590478L, 1601552688L, 156622628L, -1623018184L, -1078633766L, 
-1937336432L, 1302680316L, -1077321836L, 895555650L, 2030554368L, 
292760636L, 365460816L, 1486334114L, -29931704L, -867838196L, 
43694812L, 1385251666L, 397312640L, 511420500L, -58000408L, 274331386L, 
1820928336L, -790035668L, -1693173900L, -1931490043L, 189559970L, 
35818128L, -866257351L, -697194773L, -277800996L, -1627366902L, 
-1729360641L, 1542236489L, 39410398L, 1708198028L, 580255837L, 
-1835110809L, 1486102416L, -224201810L, -1421673893L, -1961675203L, 
-1073477462L, 1203067208L, 196038001L, -1366381853L, 468615652L, 
162737426L, 2113896679L, 2098402993L, -1087959818L, 1116557076L, 
1244743717L, -841437905L, -850803992L, 1225670598L, 923157107L, 
-1966807851L, 1140025010L, -1662271872L, -1168914839L, -229192997L, 
76117548L, 154129978L, -2107322129L, 893311865L, 2040657934L, 
460578268L, 1495240269L, -634475081L, 1464927040L, 1624920606L, 
969438443L, 1075313773L, 776666330L, 1224279192L, 1488700161L, 
1132193971L, -1720433708L, 440344290L, -569565321L, -898768191L, 
-102018490L, 1557175684L, 1971045173L, -1007017697L, 1033914488L, 
-1841588906L, 2012326883L, -930208347L, -976549822L, -687978960L, 
-1286586791L, -222726197L, 1026320444L, 1957779050L, -1731728225L, 
-2046247639L, -959886914L, -1504958292L, -2114433539L, 993129799L, 
-1408750032L, 1403844430L, 1372990331L, 130657501L, 1974181130L, 
-1285019608L, 628964497L, 1516718211L, 1784916356L, -309962830L, 
291330311L, -621929647L, -1637520682L, -1326820428L, -1226052667L, 
267479823L, 1991637384L, 1812651174L, -87536557L, 1352486325L, 
1950163730L, 271347936L, -1245678263L, -1402181765L, 1763852876L, 
689425370L, 1945608655L, 1712895897L, 1345507246L, 1329976508L, 
1255992621L, 2027888343L, 245704480L, -850505602L, -525355445L, 
-1489957811L, 1075090042L, -1987016008L, -1487699871L, 469746195L, 
-580319180L, -178026942L, 1954419287L, 1109320097L, -395435418L, 
-1797897628L, 2024477077L, -626472257L, -1522044328L, -1660082570L, 
1159133827L, 1622154949L, 625282018L, -1006844336L, -636644487L, 
-1612973909L, -1382887396L, -1711751350L, 1982756671L, 1712392585L, 
-1032627810L, 38424652L, 1509349917L, 52475815L, 356616912L, 
1360616558L, -1696750821L, 1534811261L, 1562047082L, -90848504L, 
